2024060112180910000
2024060112293110001
1900010100000010002
1900010100000010003
2024060205142710004
2024060613364010005
1900010100000010006
1             10007
2024060205242910008
1900010100000010009
1900010100000010010
1900010100000010011
1900010100000010012
1900010100000010013
1900010100000010014
1900010100000010015
1900010100000010016
2024060205252110017
1900010100000010018
1900010100000010019
2024060205123010020
1900010100000010021
1900010100000010022
1900010100000010023
1900010100000010024
2024060205125310025
1900010100000010026
2024060205255910027
1900010100000010028
1900010100000010029
1900010100000010030
1900010100000010031
1900010100000010032
2024060205261710033
1900010100000010034
1900010100000010035
1900010100000010036
2024060620002310037
1900010100000010038
1900010100000010039
1900010100000010040
1900010100000010041
1900010100000010042
1900010100000010043
1900010100000010044
1900010100000010045
1900010100000010046
1900010100000010047
2024060205225210048
1900010100000010049
1900010100000010050
1900010100000010051
1900010100000010052
1900010100000010053
1900010100000010054
1900010100000010055
1900010100000010056
1900010100000010057
1900010100000010058
1900010100000010059
1900010100000010060
1900010100000010061
1900010100000010062
1900010100000010063
1900010100000010064
1900010100000010065
1900010100000010066
1900010100000010067
1900010100000010068
1900010100000010069
1900010100000010070
1900010100000010071
1900010100000010072
1900010100000010073
1900010100000010074
1900010100000010075
1900010100000010076
1900010100000010077
1900010100000010078
1900010100000010079
1900010100000010080
1900010100000010081
1900010100000010082
1900010100000010083
1900010100000010084
1900010100000010085
1900010100000010086
1900010100000010087
1900010100000010088
1900010100000010089
1900010100000010090
1900010100000010091
1900010100000010092
1900010100000010093
1900010100000010094
1900010100000010095
1900010100000010096
1900010100000010097
1900010100000010098
1900010100000010099
1900010100000010100
1900010100000010101
1900010100000010102
1900010100000010103
1900010100000010104
1900010100000010105
1900010100000010106
1900010100000010107
1900010100000010108
1900010100000010109
1900010100000010110
1900010100000010111
1900010100000010112
1900010100000010113
1900010100000010114
1900010100000010115
1900010100000010116
1900010100000010117
1900010100000010118
1900010100000010119
1900010100000010120
1900010100000010121
1900010100000010122
1900010100000010123
1900010100000010124
1900010100000010125
1900010100000010126
1900010100000010127
1900010100000010128
1900010100000010129
1900010100000010130
1900010100000010131
1900010100000010132
1900010100000010133
1900010100000010134
1900010100000010135
1900010100000010136
1900010100000010137
1900010100000010138
1900010100000010139
1900010100000010140
1900010100000010141
1900010100000010142
1900010100000010143
1900010100000010144
1900010100000010145
1900010100000010146
1900010100000010147
1900010100000010148
1900010100000010149
1900010100000010150
1900010100000010151
1900010100000010152
1900010100000010153
1900010100000010154
1900010100000010155
1900010100000010156
1900010100000010157
1900010100000010158
1900010100000010159
1900010100000010160
1900010100000010161
1900010100000010162
1900010100000010163
1900010100000010164
1900010100000010165
1900010100000010166
1900010100000010167
1900010100000010168
1900010100000010169
1900010100000010170
1900010100000010171
1900010100000010172
1900010100000010173
1900010100000010174
1900010100000010175
1900010100000010176
1900010100000010177
1900010100000010178
1900010100000010179
1900010100000010180
1900010100000010181
1900010100000010182
1900010100000010183
1900010100000010184
1900010100000010185
1900010100000010186
1900010100000010187
1900010100000010188
1900010100000010189
1900010100000010190
1900010100000010191
1900010100000010192
1900010100000010193
1900010100000010194
1900010100000010195
1900010100000010196
1900010100000010197
1900010100000010198
1900010100000010199
1900010100000010200
1900010100000010201
1900010100000010202
1900010100000010203
1900010100000010204
1900010100000010205
1900010100000010206
1900010100000010207
1900010100000010208
1900010100000010209
1900010100000010210
1900010100000010211
1900010100000010212
1900010100000010213
1900010100000010214
1900010100000010215
1900010100000010216
1900010100000010217
1900010100000010218
1900010100000010219
1900010100000010220
1900010100000010221
1900010100000010222
1900010100000010223
1900010100000010224
1900010100000010225
1900010100000010226
1900010100000010227
1900010100000010228
1900010100000010229
1900010100000010230
1900010100000010231
1900010100000010232
2024060205163010233
1900010100000010234
1900010100000010235
1900010100000010236
1900010100000010237
1900010100000010238
1900010100000010239
1900010100000010240
1900010100000010241
1900010100000010242
1900010100000010243
1900010100000010244
1900010100000010245
1900010100000010246
1900010100000010247
1900010100000010248
1900010100000010249
1900010100000010250
1900010100000010251
1900010100000010252
1900010100000010253
1900010100000010254
1900010100000010255
1900010100000010256
1900010100000010257
1900010100000010258
1900010100000010259
1900010100000010260
1900010100000010261
1900010100000010262
1900010100000010263
1900010100000010264
1900010100000010265
1900010100000010266
1900010100000010267
1900010100000010268
1900010100000010269
1900010100000010270
1900010100000010271
1900010100000010272
1900010100000010273
1900010100000010274
1900010100000010275
1900010100000010276
1900010100000010277
1900010100000010278
1900010100000010279
1900010100000010280
1900010100000010281
1900010100000010282
1900010100000010283
1900010100000010284
1900010100000010285
1900010100000010286
1900010100000010287
1900010100000010288
1900010100000010289
1900010100000010290
1900010100000010291
1900010100000010292
1900010100000010293
1900010100000010294
1900010100000010295
1900010100000010296
1900010100000010297
1900010100000010298
1900010100000010299
1900010100000010300
1900010100000010301
1900010100000010302
1900010100000010303
1900010100000010304
1900010100000010305
1900010100000010306
1900010100000010307
1900010100000010308
1900010100000010309
1900010100000010310
1900010100000010311
1900010100000010312
1900010100000010313
1900010100000010314
1900010100000010315
1900010100000010316
1900010100000010317
1900010100000010318
1900010100000010319
1900010100000010320
1900010100000010321
1900010100000010322
1900010100000010323
1900010100000010324
1900010100000010325
1900010100000010326
1900010100000010327
1900010100000010328
1900010100000010329
1900010100000010330
1900010100000010331
1900010100000010332
1900010100000010333
1900010100000010334
1900010100000010335
1900010100000010336
1900010100000010337
1900010100000010338
1900010100000010339
1900010100000010340
1900010100000010341
1900010100000010342
1900010100000010343
1900010100000010344
1900010100000010345
1900010100000010346
1900010100000010347
1900010100000010348
1900010100000010349
1900010100000010350
1900010100000010351
1900010100000010352
1900010100000010353
1900010100000010354
1900010100000010355
1900010100000010356
1900010100000010357
1900010100000010358
1900010100000010359
1900010100000010360
1900010100000010361
1900010100000010362
1900010100000010363
1900010100000010364
1900010100000010365
1900010100000010366
1900010100000010367
1900010100000010368
1900010100000010369
1900010100000010370
1900010100000010371
1900010100000010372
1900010100000010373
1900010100000010374
1900010100000010375
1900010100000010376
1900010100000010377
1900010100000010378
1900010100000010379
1900010100000010380
1900010100000010381
1900010100000010382
1900010100000010383
1900010100000010384
1900010100000010385
1900010100000010386
1900010100000010387
1900010100000010388
1900010100000010389
1900010100000010390
1900010100000010391
1900010100000010392
1900010100000010393
1900010100000010394
1900010100000010395
1900010100000010396
1900010100000010397
1900010100000010398
1900010100000010399
1900010100000010400
1900010100000010401
1900010100000010402
1900010100000010403
1900010100000010404
1900010100000010405
1900010100000010406
1900010100000010407
1900010100000010408
1900010100000010409
1900010100000010410
1900010100000010411
1900010100000010412
1900010100000010413
1900010100000010414
1900010100000010415
1900010100000010416
1900010100000010417
1900010100000010418
1900010100000010419
1900010100000010420
1900010100000010421
1900010100000010422
1900010100000010423
1900010100000010424
1900010100000010425
1900010100000010426
1900010100000010427
1900010100000010428
1900010100000010429
1900010100000010430
1900010100000010431
1900010100000010432
1900010100000010433
1900010100000010434
1900010100000010435
1900010100000010436
1900010100000010437
1900010100000010438
1900010100000010439
1900010100000010440
1900010100000010441
1900010100000010442
1900010100000010443
1900010100000010444
1900010100000010445
1900010100000010446
1900010100000010447
1900010100000010448
1900010100000010449
1900010100000010450
1900010100000010451
1900010100000010452
1900010100000010453
1900010100000010454
1900010100000010455
1900010100000010456
1900010100000010457
1900010100000010458
1900010100000010459
1900010100000010460
1900010100000010461
1900010100000010462
1900010100000010463
1900010100000010464
1900010100000010465
1900010100000010466
1900010100000010467
1900010100000010468
1900010100000010469
1900010100000010470
1900010100000010471
1900010100000010472
1900010100000010473
1900010100000010474
1900010100000010475
1900010100000010476
1900010100000010477
1900010100000010478
1900010100000010479
1900010100000010480
1900010100000010481
1900010100000010482
1900010100000010483
1900010100000010484
1900010100000010485
1900010100000010486
1900010100000010487
1900010100000010488
1900010100000010489
1900010100000010490
1900010100000010491
1900010100000010492
1900010100000010493
1900010100000010494
1900010100000010495
1900010100000010496
1900010100000010497
1900010100000010498
1900010100000010499
1900010100000010500
1900010100000010501
1900010100000010502
1900010100000010503
1900010100000010504
1900010100000010505
1900010100000010506
1900010100000010507
1900010100000010508
1900010100000010509
1900010100000010510
1900010100000010511
1900010100000010512
1900010100000010513
1900010100000010514
1900010100000010515
1900010100000010516
1900010100000010517
1900010100000010518
1900010100000010519
1900010100000010520
1900010100000010521
1900010100000010522
1900010100000010523
1900010100000010524
1900010100000010525
1900010100000010526
1900010100000010527
1900010100000010528
1900010100000010529
1900010100000010530
1900010100000010531
1900010100000010532
1900010100000010533
1900010100000010534
1900010100000010535
1900010100000010536
1900010100000010537
1900010100000010538
1900010100000010539
1900010100000010540
1900010100000010541
1900010100000010542
1900010100000010543
1900010100000010544
1900010100000010545
1900010100000010546
1900010100000010547
1900010100000010548
1900010100000010549
1900010100000010550
1900010100000010551
1900010100000010552
1900010100000010553
1900010100000010554
1900010100000010555
1900010100000010556
1900010100000010557
1900010100000010558
1900010100000010559
1900010100000010560
1900010100000010561
1900010100000010562
1900010100000010563
1900010100000010564
1900010100000010565
1900010100000010566
1900010100000010567
1900010100000010568
1900010100000010569
1900010100000010570
1900010100000010571
1900010100000010572
1900010100000010573
1900010100000010574
1900010100000010575
1900010100000010576
1900010100000010577
1900010100000010578
1900010100000010579
1900010100000010580
1900010100000010581
1900010100000010582
1900010100000010583
1900010100000010584
1900010100000010585
1900010100000010586
1900010100000010587
1900010100000010588
1900010100000010589
1900010100000010590
1900010100000010591
1900010100000010592
1900010100000010593
1900010100000010594
1900010100000010595
1900010100000010596
1900010100000010597
1900010100000010598
1900010100000010599
1900010100000010600
1900010100000010601
1900010100000010602
1900010100000010603
1900010100000010604
1900010100000010605
1900010100000010606
1900010100000010607
1900010100000010608
1900010100000010609
1900010100000010610
1900010100000010611
1900010100000010612
1900010100000010613
1900010100000010614
1900010100000010615
1900010100000010616
1900010100000010617
1900010100000010618
1900010100000010619
1900010100000010620
1900010100000010621
1900010100000010622
1900010100000010623
1900010100000010624
1900010100000010625
1900010100000010626
1900010100000010627
1900010100000010628
1900010100000010629
1900010100000010630
1900010100000010631
1900010100000010632
1900010100000010633
1900010100000010634
1900010100000010635
1900010100000010636
1900010100000010637
1900010100000010638
1900010100000010639
1900010100000010640
1900010100000010641
1900010100000010642
1900010100000010643
1900010100000010644
1900010100000010645
1900010100000010646
1900010100000010647
1900010100000010648
1900010100000010649
1900010100000010650
1900010100000010651
1900010100000010652
1900010100000010653
1900010100000010654
1900010100000010655
1900010100000010656
1900010100000010657
1900010100000010658
1900010100000010659
1900010100000010660
1900010100000010661
1900010100000010662
1900010100000010663
1900010100000010664
1900010100000010665
1900010100000010666
1900010100000010667
1900010100000010668
1900010100000010669
1900010100000010670
1900010100000010671
1900010100000010672
1900010100000010673
1900010100000010674
1900010100000010675
1900010100000010676
1900010100000010677
1900010100000010678
1900010100000010679
1900010100000010680
1900010100000010681
1900010100000010682
1900010100000010683
1900010100000010684
1900010100000010685
1900010100000010686
1900010100000010687
1900010100000010688
1900010100000010689
1900010100000010690
1900010100000010691
1900010100000010692
1900010100000010693
1900010100000010694
1900010100000010695
1900010100000010696
1900010100000010697
1900010100000010698
1900010100000010699
1900010100000010700
1900010100000010701
1900010100000010702
1900010100000010703
1900010100000010704
1900010100000010705
1900010100000010706
1900010100000010707
1900010100000010708
1900010100000010709
1900010100000010710
1900010100000010711
1900010100000010712
1900010100000010713
1900010100000010714
1900010100000010715
1900010100000010716
1900010100000010717
1900010100000010718
1900010100000010719
1900010100000010720
1900010100000010721
1900010100000010722
1900010100000010723
1900010100000010724
1900010100000010725
1900010100000010726
1900010100000010727
1900010100000010728
1900010100000010729
1900010100000010730
1900010100000010731
1900010100000010732
1900010100000010733
1900010100000010734
1900010100000010735
1900010100000010736
1900010100000010737
1900010100000010738
1900010100000010739
1900010100000010740
1900010100000010741
1900010100000010742
1900010100000010743
1900010100000010744
1900010100000010745
1900010100000010746
1900010100000010747
1900010100000010748
1900010100000010749
1900010100000010750
1900010100000010751
1900010100000010752
1900010100000010753
1900010100000010754
1900010100000010755
1900010100000010756
1900010100000010757
1900010100000010758
1900010100000010759
1900010100000010760
1900010100000010761
1900010100000010762
1900010100000010763
1900010100000010764
1900010100000010765
1900010100000010766
1900010100000010767
1900010100000010768
1900010100000010769
1900010100000010770
1900010100000010771
1900010100000010772
1900010100000010773
1900010100000010774
1900010100000010775
1900010100000010776
1900010100000010777
1900010100000010778
1900010100000010779
1900010100000010780
1900010100000010781
1900010100000010782
1900010100000010783
1900010100000010784
1900010100000010785
1900010100000010786
1900010100000010787
1900010100000010788
1900010100000010789
1900010100000010790
1900010100000010791
1900010100000010792
1900010100000010793
1900010100000010794
1900010100000010795
1900010100000010796
1900010100000010797
1900010100000010798
1900010100000010799
1900010100000020000
1900010100000020001
1900010100000020002
1900010100000020003
1900010100000020004
1900010100000020005
1900010100000020006
1900010100000020007
1900010100000020008
1900010100000020009
1900010100000020010
1900010100000020011
1900010100000020012
1900010100000020013
1900010100000020014
1900010100000020015
1900010100000020016
1900010100000020017
1900010100000020018
1900010100000020019
1900010100000020020
1900010100000020021
1900010100000020022
1900010100000020023
1900010100000020024
1900010100000020025
1900010100000020026
1900010100000020027
1900010100000020028
1900010100000020029
1900010100000020030
1900010100000020031
1900010100000020032
1900010100000020033
1900010100000020034
1900010100000020035
1900010100000020036
1900010100000020037
1900010100000020038
1900010100000020039
1900010100000020040
1900010100000020041
1900010100000020042
1900010100000020043
1900010100000020044
1900010100000020045
1900010100000020046
1900010100000020047
1900010100000020048
1900010100000020049
1900010100000020050
1900010100000020051
1900010100000020052
1900010100000020053
1900010100000020054
1900010100000020055
1900010100000020056
1900010100000020057
1900010100000020058
1900010100000020059
1900010100000020060
1900010100000020061
1900010100000020062
1900010100000020063
1900010100000020064
1900010100000020065
1900010100000020066
1900010100000020067
1900010100000020068
1900010100000020069
1900010100000020070
1900010100000020071
1900010100000020072
1900010100000020073
1900010100000020074
1900010100000020075
1900010100000020076
1900010100000020077
1900010100000020078
1900010100000020079
1900010100000020080
1900010100000020081
1900010100000020082
1900010100000020083
1900010100000020084
1900010100000020085
1900010100000020086
1900010100000020087
1900010100000020088
1900010100000020089
1900010100000020090
1900010100000020091
1900010100000020092
1900010100000020093
1900010100000020094
1900010100000020095
1900010100000020096
1900010100000020097
1900010100000020098
1900010100000020099
1900010100000020100
1900010100000020101
1900010100000020102
1900010100000020103
1900010100000020104
1900010100000020105
1900010100000020106
1900010100000020107
1900010100000020108
1900010100000020109
1900010100000020110
1900010100000020111
1900010100000020112
1900010100000020113
1900010100000020114
1900010100000020115
1900010100000020116
1900010100000020117
1900010100000020118
1900010100000020119
1900010100000020120
1900010100000020121
1900010100000020122
1900010100000020123
1900010100000020124
1900010100000020125
1900010100000020126
1900010100000020127
1900010100000020128
1900010100000020129
1900010100000020130
1900010100000020131
1900010100000020132
1900010100000020133
1900010100000020134
1900010100000020135
1900010100000020136
1900010100000020137
1900010100000020138
1900010100000020139
1900010100000020140
1900010100000020141
1900010100000020142
1900010100000020143
1900010100000020144
1900010100000020145
1900010100000020146
1900010100000020147
1900010100000020148
1900010100000020149
1900010100000020150
1900010100000020151
1900010100000020152
1900010100000020153
1900010100000020154
1900010100000020155
1900010100000020156
1900010100000020157
1900010100000020158
1900010100000020159
1900010100000020160
1900010100000020161
1900010100000020162
1900010100000020163
1900010100000020164
1900010100000020165
1900010100000020166
1900010100000020167
1900010100000020168
1900010100000020169
1900010100000020170
1900010100000020171
1900010100000020172
1900010100000020173
1900010100000020174
1900010100000020175
1900010100000020176
1900010100000020177
1900010100000020178
1900010100000020179
1900010100000020180
1900010100000020181
1900010100000020182
1900010100000020183
1900010100000020184
1900010100000020185
1900010100000020186
1900010100000020187
1900010100000020188
1900010100000020189
1900010100000020190
1900010100000020191
1900010100000020192
1900010100000020193
1900010100000020194
1900010100000020195
1900010100000020196
1900010100000020197
1900010100000020198
1900010100000020199
1900010100000020200
1900010100000020201
1900010100000020202
1900010100000020203
1900010100000020204
1900010100000020205
1900010100000020206
1900010100000020207
1900010100000020208
1900010100000020209
1900010100000020210
1900010100000020211
1900010100000020212
1900010100000020213
1900010100000020214
1900010100000020215
1900010100000020216
1900010100000020217
1900010100000020218
1900010100000020219
1900010100000020220
1900010100000020221
1900010100000020222
1900010100000020223
1900010100000020224
1900010100000020225
1900010100000020226
1900010100000020227
1900010100000020228
1900010100000020229
1900010100000020230
1900010100000020231
1900010100000020232
1900010100000020233
1900010100000020234
1900010100000020235
1900010100000020236
1900010100000020237
1900010100000020238
1900010100000020239
1900010100000020240
1900010100000020241
1900010100000020242
1900010100000020243
1900010100000020244
1900010100000020245
1900010100000020246
1900010100000020247
1900010100000020248
1900010100000020249
1900010100000020250
1900010100000020251
1900010100000020252
1900010100000020253
1900010100000020254
1900010100000020255
1900010100000020256
1900010100000020257
1900010100000020258
1900010100000020259
1900010100000020260
1900010100000020261
1900010100000020262
1900010100000020263
1900010100000020264
1900010100000020265
1900010100000020266
1900010100000020267
1900010100000020268
1900010100000020269
1900010100000020270
1900010100000020271
1900010100000020272
1900010100000020273
1900010100000020274
1900010100000020275
1900010100000020276
1900010100000020277
1900010100000020278
1900010100000020279
1900010100000020280
1900010100000020281
1900010100000020282
1900010100000020283
1900010100000020284
1900010100000020285
1900010100000020286
1900010100000020287
1900010100000020288
1900010100000020289
1900010100000020290
1900010100000020291
1900010100000020292
1900010100000020293
1900010100000020294
1900010100000020295
1900010100000020296
1900010100000020297
1900010100000020298
1900010100000020299
1             30000
1900010100000030001
1900010100000030002
1900010100000030003
1900010100000030004
1900010100000030005
1900010100000030006
1900010100000030007
1900010100000030008
1900010100000030009
1900010100000030010
2024060420570730011
1900010100000030012
1900010100000030013
1900010100000030014
1900010100000030015
1900010100000030016
1900010100000030017
1900010100000030018
1900010100000030019
1900010100000030020
1900010100000030021
1900010100000030022
1900010100000030023
1900010100000030024
1900010100000030025
1900010100000030026
1900010100000030027
1900010100000030028
1900010100000030029
1900010100000030030
1900010100000030031
1900010100000030032
1900010100000030033
1900010100000030034
1900010100000030035
1900010100000030036
1900010100000030037
1900010100000030038
1900010100000030039
1900010100000030040
1900010100000030041
1900010100000030042
1900010100000030043
1900010100000030044
1900010100000030045
1900010100000030046
1900010100000030047
1900010100000030048
1900010100000030049
1900010100000030050
1900010100000030051
1900010100000030052
1900010100000030053
1900010100000030054
1900010100000030055
1900010100000030056
1900010100000030057
1900010100000030058
1900010100000030059
1900010100000030060
1900010100000030061
1900010100000030062
1900010100000030063
1900010100000030064
1900010100000030065
1900010100000030066
1900010100000030067
1900010100000030068
1900010100000030069
1900010100000030070
1900010100000030071
1900010100000030072
1900010100000030073
1900010100000030074
1900010100000030075
1900010100000030076
1900010100000030077
1900010100000030078
1900010100000030079
1900010100000030080
1900010100000030081
1900010100000030082
1900010100000030083
1900010100000030084
1900010100000030085
1900010100000030086
1900010100000030087
1900010100000030088
1900010100000030089
1900010100000030090
1900010100000030091
1900010100000030092
1900010100000030093
1900010100000030094
1900010100000030095
1900010100000030096
1900010100000030097
1900010100000030098
1900010100000030099
1900010100000030100
1900010100000030101
1900010100000030102
1900010100000030103
1900010100000030104
1900010100000030105
1900010100000030106
1900010100000030107
1900010100000030108
1900010100000030109
1900010100000030110
1900010100000030111
1900010100000030112
1900010100000030113
1900010100000030114
1900010100000030115
1900010100000030116
1900010100000030117
1900010100000030118
1900010100000030119
1900010100000030120
1900010100000030121
1900010100000030122
1900010100000030123
1900010100000030124
1900010100000030125
1900010100000030126
1900010100000030127
1900010100000030128
1900010100000030129
1900010100000030130
1900010100000030131
1900010100000030132
1900010100000030133
1900010100000030134
1900010100000030135
1900010100000030136
1900010100000030137
1900010100000030138
1900010100000030139
1900010100000030140
1900010100000030141
1900010100000030142
1900010100000030143
1900010100000030144
1900010100000030145
1900010100000030146
1900010100000030147
1900010100000030148
1900010100000030149
1900010100000030150
1900010100000030151
1900010100000030152
1900010100000030153
1900010100000030154
1900010100000030155
1900010100000030156
1900010100000030157
1900010100000030158
1900010100000030159
1900010100000030160
1900010100000030161
1900010100000030162
1900010100000030163
1900010100000030164
1900010100000030165
1900010100000030166
1900010100000030167
1900010100000030168
1900010100000030169
1900010100000030170
1900010100000030171
1900010100000030172
1900010100000030173
1900010100000030174
1900010100000030175
1900010100000030176
1900010100000030177
1900010100000030178
1900010100000030179
1900010100000030180
1900010100000030181
1900010100000030182
1900010100000030183
1900010100000030184
1900010100000030185
1900010100000030186
1900010100000030187
1900010100000030188
1900010100000030189
1900010100000030190
1900010100000030191
1900010100000030192
1900010100000030193
1900010100000030194
1900010100000030195
1900010100000030196
1900010100000030197
1900010100000030198
1900010100000030199
1900010100000030200
1900010100000030201
1900010100000030202
1900010100000030203
1900010100000030204
1900010100000030205
1900010100000030206
1900010100000030207
1900010100000030208
1900010100000030209
1900010100000030210
1900010100000030211
1900010100000030212
1900010100000030213
1900010100000030214
1900010100000030215
1900010100000030216
1900010100000030217
1900010100000030218
1900010100000030219
1900010100000030220
1900010100000030221
1900010100000030222
1900010100000030223
1900010100000030224
1900010100000030225
1900010100000030226
1900010100000030227
1900010100000030228
1900010100000030229
1900010100000030230
1900010100000030231
1900010100000030232
1900010100000030233
1900010100000030234
1900010100000030235
1900010100000030236
1900010100000030237
1900010100000030238
1900010100000030239
1900010100000030240
1900010100000030241
1900010100000030242
1900010100000030243
1900010100000030244
1900010100000030245
1900010100000030246
1900010100000030247
1900010100000030248
1900010100000030249
1900010100000030250
1900010100000030251
1900010100000030252
1900010100000030253
1900010100000030254
1900010100000030255
1900010100000030256
1900010100000030257
1900010100000030258
1900010100000030259
1900010100000030260
1900010100000030261
1900010100000030262
1900010100000030263
1900010100000030264
1900010100000030265
1900010100000030266
1900010100000030267
1900010100000030268
1900010100000030269
1900010100000030270
1900010100000030271
1900010100000030272
1900010100000030273
1900010100000030274
1900010100000030275
1900010100000030276
1900010100000030277
1900010100000030278
1900010100000030279
1900010100000030280
1900010100000030281
1900010100000030282
1900010100000030283
1900010100000030284
1900010100000030285
1900010100000030286
1900010100000030287
1900010100000030288
1900010100000030289
1900010100000030290
1900010100000030291
1900010100000030292
1900010100000030293
1900010100000030294
1900010100000030295
1900010100000030296
1900010100000030297
1900010100000030298
1900010100000030299
1900010100000030300
1900010100000030301
1900010100000030302
1900010100000030303
1900010100000030304
1900010100000030305
1900010100000030306
1900010100000030307
1900010100000030308
1900010100000030309
1900010100000030310
1900010100000030311
1900010100000030312
1900010100000030313
1900010100000030314
1900010100000030315
1900010100000030316
1900010100000030317
1900010100000030318
1900010100000030319
1900010100000030320
1900010100000030321
1900010100000030322
1900010100000030323
1900010100000030324
1900010100000030325
1900010100000030326
1900010100000030327
1900010100000030328
1900010100000030329
1900010100000030330
1900010100000030331
1900010100000030332
1900010100000030333
1900010100000030334
1900010100000030335
1900010100000030336
1900010100000030337
1900010100000030338
1900010100000030339
1900010100000030340
1900010100000030341
1900010100000030342
1900010100000030343
1900010100000030344
1900010100000030345
1900010100000030346
1900010100000030347
1900010100000030348
1900010100000030349
1900010100000030350
1900010100000030351
1900010100000030352
1900010100000030353
1900010100000030354
1900010100000030355
1900010100000030356
1900010100000030357
1900010100000030358
1900010100000030359
1900010100000030360
1900010100000030361
1900010100000030362
1900010100000030363
1900010100000030364
1900010100000030365
1900010100000030366
1900010100000030367
1900010100000030368
1900010100000030369
1900010100000030370
1900010100000030371
1900010100000030372
1900010100000030373
1900010100000030374
1900010100000030375
1900010100000030376
1900010100000030377
1900010100000030378
1900010100000030379
1900010100000030380
1900010100000030381
1900010100000030382
1900010100000030383
1900010100000030384
1900010100000030385
1900010100000030386
1900010100000030387
1900010100000030388
1900010100000030389
1900010100000030390
1900010100000030391
1900010100000030392
1900010100000030393
1900010100000030394
1900010100000030395
1900010100000030396
1900010100000030397
1900010100000030398
1900010100000030399
1900010100000030400
1900010100000030401
1900010100000030402
1900010100000030403
1900010100000030404
1900010100000030405
1900010100000030406
1900010100000030407
1900010100000030408
1900010100000030409
1900010100000030410
1900010100000030411
1900010100000030412
1900010100000030413
1900010100000030414
1900010100000030415
1900010100000030416
1900010100000030417
1900010100000030418
1900010100000030419
1900010100000030420
1900010100000030421
1900010100000030422
1900010100000030423
1900010100000030424
1900010100000030425
1900010100000030426
1900010100000030427
1900010100000030428
1900010100000030429
1900010100000030430
1900010100000030431
1900010100000030432
1900010100000030433
1900010100000030434
1900010100000030435
1900010100000030436
1900010100000030437
1900010100000030438
1900010100000030439
1900010100000030440
1900010100000030441
1900010100000030442
1900010100000030443
1900010100000030444
1900010100000030445
1900010100000030446
1900010100000030447
1900010100000030448
1900010100000030449
1900010100000030450
1900010100000030451
1900010100000030452
1900010100000030453
1900010100000030454
1900010100000030455
1900010100000030456
1900010100000030457
1900010100000030458
1900010100000030459
1900010100000030460
1900010100000030461
1900010100000030462
1900010100000030463
1900010100000030464
1900010100000030465
1900010100000030466
1900010100000030467
1900010100000030468
1900010100000030469
1900010100000030470
1900010100000030471
1900010100000030472
1900010100000030473
1900010100000030474
1900010100000030475
1900010100000030476
1900010100000030477
1900010100000030478
1900010100000030479
1900010100000030480
1900010100000030481
1900010100000030482
1900010100000030483
1900010100000030484
1900010100000030485
1900010100000030486
1900010100000030487
1900010100000030488
1900010100000030489
1900010100000030490
1900010100000030491
1900010100000030492
1900010100000030493
1900010100000030494
1900010100000030495
1900010100000030496
1900010100000030497
1900010100000030498
1900010100000030499
1900010100000030500
1900010100000030501
1900010100000030502
1900010100000030503
1900010100000030504
1900010100000030505
1900010100000030506
1900010100000030507
1900010100000030508
1900010100000030509
1900010100000030510
1900010100000030511
1900010100000030512
1900010100000030513
1900010100000030514
1900010100000030515
1900010100000030516
1900010100000030517
1900010100000030518
1900010100000030519
1900010100000030520
1900010100000030521
1900010100000030522
1900010100000030523
1900010100000030524
1900010100000030525
1900010100000030526
1900010100000030527
1900010100000030528
1900010100000030529
1900010100000030530
1900010100000030531
1900010100000030532
1900010100000030533
1900010100000030534
1900010100000030535
1900010100000030536
1900010100000030537
1900010100000030538
1900010100000030539
1900010100000030540
1900010100000030541
1900010100000030542
1900010100000030543
1900010100000030544
1900010100000030545
1900010100000030546
1900010100000030547
1900010100000030548
1900010100000030549
1900010100000030550
1900010100000030551
1900010100000030552
1900010100000030553
1900010100000030554
1900010100000030555
1900010100000030556
1900010100000030557
1900010100000030558
1900010100000030559
1900010100000030560
1900010100000030561
1900010100000030562
1900010100000030563
1900010100000030564
1900010100000030565
1900010100000030566
1900010100000030567
1900010100000030568
1900010100000030569
1900010100000030570
1900010100000030571
1900010100000030572
1900010100000030573
1900010100000030574
1900010100000030575
1900010100000030576
1900010100000030577
1900010100000030578
1900010100000030579
1900010100000030580
1900010100000030581
1900010100000030582
1900010100000030583
1900010100000030584
1900010100000030585
1900010100000030586
1900010100000030587
1900010100000030588
1900010100000030589
1900010100000030590
1900010100000030591
1900010100000030592
1900010100000030593
1900010100000030594
1900010100000030595
1900010100000030596
1900010100000030597
1900010100000030598
1900010100000030599
1900010100000030600
1900010100000030601
1900010100000030602
1900010100000030603
1900010100000030604
1900010100000030605
1900010100000030606
1900010100000030607
1900010100000030608
1900010100000030609
1900010100000030610
1900010100000030611
1900010100000030612
1900010100000030613
1900010100000030614
1900010100000030615
1900010100000030616
1900010100000030617
1900010100000030618
1900010100000030619
1900010100000030620
1900010100000030621
1900010100000030622
1900010100000030623
1900010100000030624
1900010100000030625
1900010100000030626
1900010100000030627
1900010100000030628
1900010100000030629
1900010100000030630
1900010100000030631
1900010100000030632
1900010100000030633
1900010100000030634
1900010100000030635
1900010100000030636
1900010100000030637
1900010100000030638
1900010100000030639
1900010100000030640
1900010100000030641
1900010100000030642
1900010100000030643
1900010100000030644
1900010100000030645
1900010100000030646
1900010100000030647
1900010100000030648
1900010100000030649
1900010100000030650
1900010100000030651
1900010100000030652
1900010100000030653
1900010100000030654
1900010100000030655
1900010100000030656
1900010100000030657
1900010100000030658
1900010100000030659
1900010100000030660
1900010100000030661
1900010100000030662
1900010100000030663
1900010100000030664
1900010100000030665
1900010100000030666
1900010100000030667
1900010100000030668
1900010100000030669
1900010100000030670
1900010100000030671
1900010100000030672
1900010100000030673
1900010100000030674
1900010100000030675
1900010100000030676
1900010100000030677
1900010100000030678
1900010100000030679
1900010100000030680
1900010100000030681
1900010100000030682
1900010100000030683
1900010100000030684
1900010100000030685
1900010100000030686
1900010100000030687
1900010100000030688
1900010100000030689
1900010100000030690
1900010100000030691
1900010100000030692
1900010100000030693
1900010100000030694
1900010100000030695
1900010100000030696
1900010100000030697
1900010100000030698
1900010100000030699
1900010100000030700
1900010100000030701
1900010100000030702
1900010100000030703
1900010100000030704
1900010100000030705
1900010100000030706
1900010100000030707
1900010100000030708
1900010100000030709
1900010100000030710
1900010100000030711
1900010100000030712
1900010100000030713
1900010100000030714
1900010100000030715
1900010100000030716
1900010100000030717
1900010100000030718
1900010100000030719
1900010100000030720
1900010100000030721
1900010100000030722
1900010100000030723
1900010100000030724
1900010100000030725
1900010100000030726
1900010100000030727
1900010100000030728
1900010100000030729
1900010100000030730
1900010100000030731
1900010100000030732
1900010100000030733
1900010100000030734
1900010100000030735
1900010100000030736
1900010100000030737
1900010100000030738
1900010100000030739
1900010100000030740
1900010100000030741
1900010100000030742
1900010100000030743
1900010100000030744
1900010100000030745
1900010100000030746
1900010100000030747
1900010100000030748
1900010100000030749
1900010100000030750
1900010100000030751
1900010100000030752
1900010100000030753
1900010100000030754
1900010100000030755
1900010100000030756
1900010100000030757
1900010100000030758
1900010100000030759
1900010100000030760
1900010100000030761
1900010100000030762
1900010100000030763
1900010100000030764
1900010100000030765
1900010100000030766
1900010100000030767
1900010100000030768
1900010100000030769
1900010100000030770
1900010100000030771
1900010100000030772
1900010100000030773
1900010100000030774
1900010100000030775
1900010100000030776
1900010100000030777
1900010100000030778
1900010100000030779
1900010100000030780
1900010100000030781
1900010100000030782
1900010100000030783
1900010100000030784
1900010100000030785
1900010100000030786
1900010100000030787
1900010100000030788
1900010100000030789
1900010100000030790
1900010100000030791
1900010100000030792
1900010100000030793
1900010100000030794
1900010100000030795
1900010100000030796
1900010100000030797
1900010100000030798
1900010100000030799
1900010100000030800
1900010100000030801
1900010100000030802
1900010100000030803
1900010100000030804
1900010100000030805
1900010100000030806
1900010100000030807
1900010100000030808
1900010100000030809
1900010100000030810
1900010100000030811
1900010100000030812
1900010100000030813
1900010100000030814
1900010100000030815
1900010100000030816
1900010100000030817
1900010100000030818
1900010100000030819
1900010100000030820
1900010100000030821
1900010100000030822
1900010100000030823
1900010100000030824
1900010100000030825
1900010100000030826
1900010100000030827
1900010100000030828
1900010100000030829
1900010100000030830
1900010100000030831
1900010100000030832
1900010100000030833
1900010100000030834
1900010100000030835
1900010100000030836
1900010100000030837
1900010100000030838
1900010100000030839
1900010100000030840
1900010100000030841
1900010100000030842
1900010100000030843
1900010100000030844
1900010100000030845
1900010100000030846
1900010100000030847
1900010100000030848
1900010100000030849
1900010100000030850
1900010100000030851
1900010100000030852
1900010100000030853
1900010100000030854
1900010100000030855
1900010100000030856
1900010100000030857
1900010100000030858
1900010100000030859
1900010100000030860
1900010100000030861
1900010100000030862
1900010100000030863
1900010100000030864
1900010100000030865
1900010100000030866
1900010100000030867
1900010100000030868
1900010100000030869
1900010100000030870
1900010100000030871
1900010100000030872
1900010100000030873
1900010100000030874
1900010100000030875
1900010100000030876
1900010100000030877
1900010100000030878
1900010100000030879
1900010100000030880
1900010100000030881
1900010100000030882
1900010100000030883
1900010100000030884
1900010100000030885
1900010100000030886
1900010100000030887
1900010100000030888
1900010100000030889
1900010100000030890
1900010100000030891
1900010100000030892
1900010100000030893
1900010100000030894
1900010100000030895
1900010100000030896
1900010100000030897
1900010100000030898
1900010100000030899
1900010100000030900
1900010100000030901
1900010100000030902
1900010100000030903
1900010100000030904
1900010100000030905
1900010100000030906
1900010100000030907
1900010100000030908
1900010100000030909
1900010100000030910
1900010100000030911
1900010100000030912
1900010100000030913
1900010100000030914
1900010100000030915
1900010100000030916
1900010100000030917
1900010100000030918
1900010100000030919
1900010100000030920
1900010100000030921
1900010100000030922
1900010100000030923
1900010100000030924
1900010100000030925
1900010100000030926
1900010100000030927
1900010100000030928
1900010100000030929
1900010100000030930
1900010100000030931
1900010100000030932
1900010100000030933
1900010100000030934
1900010100000030935
1900010100000030936
1900010100000030937
1900010100000030938
1900010100000030939
1900010100000030940
1900010100000030941
1900010100000030942
1900010100000030943
1900010100000030944
1900010100000030945
1900010100000030946
1900010100000030947
1900010100000030948
1900010100000030949
1900010100000030950
1900010100000030951
1900010100000030952
1900010100000030953
1900010100000030954
1900010100000030955
1900010100000030956
1900010100000030957
1900010100000030958
1900010100000030959
1900010100000030960
1900010100000030961
1900010100000030962
1900010100000030963
1900010100000030964
1900010100000030965
1900010100000030966
1900010100000030967
1900010100000030968
1900010100000030969
1900010100000030970
1900010100000030971
1900010100000030972
1900010100000030973
1900010100000030974
1900010100000030975
1900010100000030976
1900010100000030977
1900010100000030978
1900010100000030979
1900010100000030980
1900010100000030981
1900010100000030982
1900010100000030983
1900010100000030984
1900010100000030985
1900010100000030986
1900010100000030987
1900010100000030988
1900010100000030989
1900010100000030990
1900010100000030991
1900010100000030992
1900010100000030993
1900010100000030994
1900010100000030995
1900010100000030996
1900010100000030997
1900010100000030998
1900010100000030999
1900010100000031000
1900010100000031001
1900010100000031002
1900010100000031003
1900010100000031004
1900010100000031005
1900010100000031006
1900010100000031007
1900010100000031008
1900010100000031009
1900010100000031010
1900010100000031011
1900010100000031012
1900010100000031013
1900010100000031014
1900010100000031015
1900010100000031016
1900010100000031017
1900010100000031018
1900010100000031019
1900010100000031020
1900010100000031021
1900010100000031022
1900010100000031023
1900010100000031024
1900010100000031025
1900010100000031026
1900010100000031027
1900010100000031028
1900010100000031029
1900010100000031030
1900010100000031031
1900010100000031032
1900010100000031033
1900010100000031034
1900010100000031035
1900010100000031036
1900010100000031037
1900010100000031038
1900010100000031039
1900010100000031040
1900010100000031041
1900010100000031042
1900010100000031043
1900010100000031044
1900010100000031045
1900010100000031046
1900010100000031047
1900010100000031048
1900010100000031049
1900010100000031050
1900010100000031051
1900010100000031052
1900010100000031053
1900010100000031054
1900010100000031055
1900010100000031056
1900010100000031057
1900010100000031058
1900010100000031059
1900010100000031060
1900010100000031061
1900010100000031062
1900010100000031063
1900010100000031064
1900010100000031065
1900010100000031066
1900010100000031067
1900010100000031068
1900010100000031069
1900010100000031070
1900010100000031071
1900010100000031072
1900010100000031073
1900010100000031074
1900010100000031075
1900010100000031076
1900010100000031077
1900010100000031078
1900010100000031079
1900010100000031080
1900010100000031081
1900010100000031082
1900010100000031083
1900010100000031084
1900010100000031085
1900010100000031086
1900010100000031087
1900010100000031088
1900010100000031089
1900010100000031090
1900010100000031091
1900010100000031092
1900010100000031093
1900010100000031094
1900010100000031095
1900010100000031096
1900010100000031097
1900010100000031098
1900010100000031099
1900010100000031100
1900010100000031101
1900010100000031102
1900010100000031103
1900010100000031104
1900010100000031105
1900010100000031106
1900010100000031107
1900010100000031108
1900010100000031109
1900010100000031110
1900010100000031111
1900010100000031112
1900010100000031113
1900010100000031114
1900010100000031115
1900010100000031116
1900010100000031117
1900010100000031118
1900010100000031119
1900010100000031120
1900010100000031121
1900010100000031122
1900010100000031123
1900010100000031124
1900010100000031125
1900010100000031126
1900010100000031127
1900010100000031128
1900010100000031129
1900010100000031130
1900010100000031131
1900010100000031132
1900010100000031133
1900010100000031134
1900010100000031135
1900010100000031136
1900010100000031137
1900010100000031138
1900010100000031139
1900010100000031140
1900010100000031141
1900010100000031142
1900010100000031143
1900010100000031144
1900010100000031145
1900010100000031146
1900010100000031147
1900010100000031148
1900010100000031149
1900010100000031150
1900010100000031151
1900010100000031152
1900010100000031153
1900010100000031154
1900010100000031155
1900010100000031156
1900010100000031157
1900010100000031158
1900010100000031159
1900010100000031160
1900010100000031161
1900010100000031162
1900010100000031163
1900010100000031164
1900010100000031165
1900010100000031166
1900010100000031167
1900010100000031168
1900010100000031169
1900010100000031170
1900010100000031171
1900010100000031172
1900010100000031173
1900010100000031174
1900010100000031175
1900010100000031176
1900010100000031177
1900010100000031178
1900010100000031179
1900010100000031180
1900010100000031181
1900010100000031182
1900010100000031183
1900010100000031184
1900010100000031185
1900010100000031186
1900010100000031187
1900010100000031188
1900010100000031189
1900010100000031190
1900010100000031191
1900010100000031192
1900010100000031193
1900010100000031194
1900010100000031195
1900010100000031196
1900010100000031197
1900010100000031198
1900010100000031199
1900010100000031200
1900010100000031201
1900010100000031202
1900010100000031203
1900010100000031204
1900010100000031205
1900010100000031206
1900010100000031207
1900010100000031208
1900010100000031209
1900010100000031210
1900010100000031211
1900010100000031212
1900010100000031213
1900010100000031214
1900010100000031215
1900010100000031216
1900010100000031217
1900010100000031218
1900010100000031219
1900010100000031220
1900010100000031221
1900010100000031222
1900010100000031223
1900010100000031224
1900010100000031225
1900010100000031226
1900010100000031227
1900010100000031228
1900010100000031229
1900010100000031230
1900010100000031231
1900010100000031232
1900010100000031233
1900010100000031234
1900010100000031235
1900010100000031236
1900010100000031237
1900010100000031238
1900010100000031239
1900010100000031240
1900010100000031241
1900010100000031242
1900010100000031243
1900010100000031244
1900010100000031245
1900010100000031246
1900010100000031247
1900010100000031248
1900010100000031249
1900010100000031250
1900010100000031251
1900010100000031252
1900010100000031253
1900010100000031254
1900010100000031255
1900010100000031256
1900010100000031257
1900010100000031258
1900010100000031259
1900010100000031260
1900010100000031261
1900010100000031262
1900010100000031263
1900010100000031264
1900010100000031265
1900010100000031266
1900010100000031267
1900010100000031268
1900010100000031269
1900010100000031270
1900010100000031271
1900010100000031272
1900010100000031273
1900010100000031274
1900010100000031275
1900010100000031276
1900010100000031277
1900010100000031278
1900010100000031279
1900010100000031280
1900010100000031281
1900010100000031282
1900010100000031283
1900010100000031284
1900010100000031285
1900010100000031286
1900010100000031287
1900010100000031288
1900010100000031289
1900010100000031290
1900010100000031291
1900010100000031292
1900010100000031293
1900010100000031294
1900010100000031295
1900010100000031296
1900010100000031297
1900010100000031298
1900010100000031299
1900010100000040000
1900010100000040001
1900010100000040002
1900010100000040003
1900010100000040004
1900010100000040005
1900010100000040006
1900010100000040007
1900010100000040008
1900010100000040009
1900010100000040010
1900010100000040011
1900010100000040012
1900010100000040013
1900010100000040014
1900010100000040015
1900010100000040016
1900010100000040017
1900010100000040018
1900010100000040019
1900010100000040020
1900010100000040021
1900010100000040022
1900010100000040023
1900010100000040024
1900010100000040025
1900010100000040026
1900010100000040027
1900010100000040028
1900010100000040029
1900010100000040030
1900010100000040031
1900010100000040032
1900010100000040033
1900010100000040034
1900010100000040035
1900010100000040036
1900010100000040037
1900010100000040038
1900010100000040039
1900010100000040040
1900010100000040041
1900010100000040042
1900010100000040043
1900010100000040044
1900010100000040045
1900010100000040046
1900010100000040047
1900010100000040048
1900010100000040049
1900010100000040050
1900010100000040051
1900010100000040052
1900010100000040053
1900010100000040054
1900010100000040055
1900010100000040056
1900010100000040057
1900010100000040058
1900010100000040059
1900010100000040060
1900010100000040061
1900010100000040062
1900010100000040063
1900010100000040064
1900010100000040065
1900010100000040066
1900010100000040067
1900010100000040068
1900010100000040069
1900010100000040070
1900010100000040071
1900010100000040072
1900010100000040073
1900010100000040074
1900010100000040075
1900010100000040076
1900010100000040077
1900010100000040078
1900010100000040079
1900010100000040080
1900010100000040081
1900010100000040082
1900010100000040083
1900010100000040084
1900010100000040085
1900010100000040086
1900010100000040087
1900010100000040088
1900010100000040089
1900010100000040090
1900010100000040091
1900010100000040092
1900010100000040093
1900010100000040094
1900010100000040095
1900010100000040096
1900010100000040097
1900010100000040098
1900010100000040099
1900010100000040100
1900010100000040101
1900010100000040102
1900010100000040103
1900010100000040104
1900010100000040105
1900010100000040106
1900010100000040107
1900010100000040108
1900010100000040109
1900010100000040110
1900010100000040111
1900010100000040112
1900010100000040113
1900010100000040114
1900010100000040115
1900010100000040116
1900010100000040117
1900010100000040118
1900010100000040119
1900010100000040120
1900010100000040121
1900010100000040122
1900010100000040123
1900010100000040124
1900010100000040125
1900010100000040126
1900010100000040127
1900010100000040128
1900010100000040129
1900010100000040130
1900010100000040131
1900010100000040132
1900010100000040133
1900010100000040134
1900010100000040135
1900010100000040136
1900010100000040137
1900010100000040138
1900010100000040139
1900010100000040140
1900010100000040141
1900010100000040142
1900010100000040143
1900010100000040144
1900010100000040145
1900010100000040146
1900010100000040147
1900010100000040148
1900010100000040149
1900010100000040150
1900010100000040151
1900010100000040152
1900010100000040153
1900010100000040154
1900010100000040155
1900010100000040156
1900010100000040157
1900010100000040158
1900010100000040159
1900010100000040160
1900010100000040161
1900010100000040162
1900010100000040163
1900010100000040164
1900010100000040165
1900010100000040166
1900010100000040167
1900010100000040168
1900010100000040169
1900010100000040170
1900010100000040171
1900010100000040172
1900010100000040173
1900010100000040174
1900010100000040175
1900010100000040176
1900010100000040177
1900010100000040178
1900010100000040179
1900010100000040180
1900010100000040181
1900010100000040182
1900010100000040183
1900010100000040184
1900010100000040185
1900010100000040186
1900010100000040187
1900010100000040188
1900010100000040189
1900010100000040190
1900010100000040191
1900010100000040192
1900010100000040193
1900010100000040194
1900010100000040195
1900010100000040196
1900010100000040197
1900010100000040198
1900010100000040199
1900010100000040200
1900010100000040201
1900010100000040202
1900010100000040203
1900010100000040204
1900010100000040205
1900010100000040206
1900010100000040207
1900010100000040208
1900010100000040209
1900010100000040210
1900010100000040211
1900010100000040212
1900010100000040213
1900010100000040214
1900010100000040215
1900010100000040216
1900010100000040217
1900010100000040218
1900010100000040219
1900010100000040220
1900010100000040221
1900010100000040222
1900010100000040223
1900010100000040224
1900010100000040225
1900010100000040226
1900010100000040227
1900010100000040228
1900010100000040229
1900010100000040230
1900010100000040231
1900010100000040232
1900010100000040233
1900010100000040234
1900010100000040235
1900010100000040236
1900010100000040237
1900010100000040238
1900010100000040239
1900010100000040240
1900010100000040241
1900010100000040242
1900010100000040243
1900010100000040244
1900010100000040245
1900010100000040246
1900010100000040247
1900010100000040248
1900010100000040249
1900010100000040250
1900010100000040251
1900010100000040252
1900010100000040253
1900010100000040254
1900010100000040255
1900010100000040256
1900010100000040257
1900010100000040258
1900010100000040259
1900010100000040260
1900010100000040261
1900010100000040262
1900010100000040263
1900010100000040264
1900010100000040265
1900010100000040266
1900010100000040267
1900010100000040268
1900010100000040269
1900010100000040270
1900010100000040271
1900010100000040272
1900010100000040273
1900010100000040274
1900010100000040275
1900010100000040276
1900010100000040277
1900010100000040278
1900010100000040279
1900010100000040280
1900010100000040281
1900010100000040282
1900010100000040283
1900010100000040284
1900010100000040285
1900010100000040286
1900010100000040287
1900010100000040288
1900010100000040289
1900010100000040290
1900010100000040291
1900010100000040292
1900010100000040293
1900010100000040294
1900010100000040295
1900010100000040296
1900010100000040297
1900010100000040298
1900010100000040299
